           name        mass       width    J    I  I_3         pid   B   Q   S   C   T   B
    chi(b2)(1P)      9.9122           0    2    0    0         555   0   0   0   0   0   0
    chi(b1)(1P)      9.8928           0    1    0    0       20553   0   0   0   0   0   0
    chi(b0)(1P)      9.8594           0    0    0    0       10551   0   0   0   0   0   0
     f(2)(2340)        2.34        0.32    2    0    0     9090225   0   0   0   0   0   0
     f(2)(2300)       2.297        0.15    2    0    0     9080225   0   0   0   0   0   0
  N(2190)(G17)+        2.19         0.5  3.5  0.5  0.5        2128   1   1   0   0   0   0
N(2190)(G17)+bar        2.19         0.5  3.5  0.5 -0.5       -2128  -1  -1   0   0   0   0
   N(2190)(G17)        2.19         0.5  3.5  0.5 -0.5        1218   1   0   0   0   0   0
N(2190)(G17)bar        2.19         0.5  3.5  0.5  0.5       -1218  -1   0   0   0   0   0
Lambda(2100)(G07)         2.1         0.2  3.5    0    0        3128   1   0  -1   0   0   0
Lambda(2100)(G07)bar         2.1         0.2  3.5    0    0       -3128  -1   0   1   0   0   0
   K(4)*(2045)+       2.045       0.198    4  0.5  0.5         329   0   1   1   0   0   0
K(4)*(2045)+bar       2.045       0.198    4  0.5 -0.5        -329   0  -1  -1   0   0   0
    K(4)*(2045)       2.045       0.198    4  0.5 -0.5         319   0   0   1   0   0   0
 K(4)*(2045)bar       2.045       0.198    4  0.5  0.5        -319   0   0  -1   0   0   0
Sigma(2030)(F17)+        2.03        0.18  3.5    1    1        3228   1   1  -1   0   0   0
Sigma(2030)(F17)+bar        2.03        0.18  3.5    1   -1       -3228  -1  -1   1   0   0   0
Sigma(2030)(F17)        2.03        0.18  3.5    1    0        3218   1   0  -1   0   0   0
Sigma(2030)(F17)bar        2.03        0.18  3.5    1    0       -3218  -1   0   1   0   0   0
Sigma(2030)(F17)-        2.03        0.18  3.5    1   -1        3118   1  -1  -1   0   0   0
Sigma(2030)(F17)-bar        2.03        0.18  3.5    1    1       -3118  -1   1   1   0   0   0
     f(4)(2050)       2.018       0.237    4    0    0         229   0   0   0   0   0   0
    a(4)(2040)+       2.001       0.313    4    1    1         219   0   1   0   0   0   0
    a(4)(2040)-       2.001       0.313    4    1   -1        -219   0  -1   0   0   0   0
     a(4)(2040)       2.001       0.313    4    1    0         119   0   0   0   0   0   0
Delta(1930)(D35)++        1.96        0.36  2.5  1.5  1.5       12226   1   2   0   0   0   0
Delta(1930)(D35)++bar        1.96        0.36  2.5  1.5 -1.5      -12226  -1  -2   0   0   0   0
Delta(1930)(D35)+        1.96        0.36  2.5  1.5  0.5       12126   1   1   0   0   0   0
Delta(1930)(D35)+bar        1.96        0.36  2.5  1.5 -0.5      -12126  -1  -1   0   0   0   0
Delta(1930)(D35)        1.96        0.36  2.5  1.5 -0.5       11216   1   0   0   0   0   0
Delta(1930)(D35)bar        1.96        0.36  2.5  1.5  0.5      -11216  -1   0   0   0   0   0
Delta(1930)(D35)-        1.96        0.36  2.5  1.5 -1.5       11116   1  -1   0   0   0   0
Delta(1930)(D35)-bar        1.96        0.36  2.5  1.5  1.5      -11116  -1   1   0   0   0   0
     f(2)(1950)       1.944       0.472    2    0    0     9050225   0   0   0   0   0   0
Sigma(1940)(D13)+        1.94        0.22  1.5    1    1       23224   1   1  -1   0   0   0
Sigma(1940)(D13)+bar        1.94        0.22  1.5    1   -1      -23224  -1  -1   1   0   0   0
Sigma(1940)(D13)        1.94        0.22  1.5    1    0       23214   1   0  -1   0   0   0
Sigma(1940)(D13)bar        1.94        0.22  1.5    1    0      -23214  -1   0   1   0   0   0
Sigma(1940)(D13)-        1.94        0.22  1.5    1   -1       23114   1  -1  -1   0   0   0
Sigma(1940)(D13)-bar        1.94        0.22  1.5    1    1      -23114  -1   1   1   0   0   0
Delta(1950)(F37)++        1.93        0.28  3.5  1.5  1.5        2228   1   2   0   0   0   0
Delta(1950)(F37)++bar        1.93        0.28  3.5  1.5 -1.5       -2228  -1  -2   0   0   0   0
Delta(1950)(F37)+        1.93        0.28  3.5  1.5  0.5        2218   1   1   0   0   0   0
Delta(1950)(F37)+bar        1.93        0.28  3.5  1.5 -0.5       -2218  -1  -1   0   0   0   0
Delta(1950)(F37)        1.93        0.28  3.5  1.5 -0.5        2118   1   0   0   0   0   0
Delta(1950)(F37)bar        1.93        0.28  3.5  1.5  0.5       -2118  -1   0   0   0   0   0
Delta(1950)(F37)-        1.93        0.28  3.5  1.5 -1.5        1118   1  -1   0   0   0   0
Delta(1950)(F37)-bar        1.93        0.28  3.5  1.5  1.5       -1118  -1   1   0   0   0   0
Delta(1920)(P33)++        1.92         0.2  1.5  1.5  1.5       22224   1   2   0   0   0   0
Delta(1920)(P33)++bar        1.92         0.2  1.5  1.5 -1.5      -22224  -1  -2   0   0   0   0
Delta(1920)(P33)+        1.92         0.2  1.5  1.5  0.5       22214   1   1   0   0   0   0
Delta(1920)(P33)+bar        1.92         0.2  1.5  1.5 -0.5      -22214  -1  -1   0   0   0   0
Delta(1920)(P33)        1.92         0.2  1.5  1.5 -0.5       22114   1   0   0   0   0   0
Delta(1920)(P33)bar        1.92         0.2  1.5  1.5  0.5      -22114  -1   0   0   0   0   0
Delta(1920)(P33)-        1.92         0.2  1.5  1.5 -1.5       21114   1  -1   0   0   0   0
Delta(1920)(P33)-bar        1.92         0.2  1.5  1.5  1.5      -21114  -1   1   0   0   0   0
Sigma(1915)(F15)+       1.915        0.12  2.5    1    1       13226   1   1  -1   0   0   0
Sigma(1915)(F15)+bar       1.915        0.12  2.5    1   -1      -13226  -1  -1   1   0   0   0
Sigma(1915)(F15)       1.915        0.12  2.5    1    0       13216   1   0  -1   0   0   0
Sigma(1915)(F15)bar       1.915        0.12  2.5    1    0      -13216  -1   0   1   0   0   0
Sigma(1915)(F15)-       1.915        0.12  2.5    1   -1       13116   1  -1  -1   0   0   0
Sigma(1915)(F15)-bar       1.915        0.12  2.5    1    1      -13116  -1   1   1   0   0   0
Delta(1910)(P31)++        1.91        0.25  0.5  1.5  1.5       22222   1   2   0   0   0   0
Delta(1910)(P31)++bar        1.91        0.25  0.5  1.5 -1.5      -22222  -1  -2   0   0   0   0
Delta(1910)(P31)+        1.91        0.25  0.5  1.5  0.5       22122   1   1   0   0   0   0
Delta(1910)(P31)+bar        1.91        0.25  0.5  1.5 -0.5      -22122  -1  -1   0   0   0   0
Delta(1910)(P31)        1.91        0.25  0.5  1.5 -0.5       21212   1   0   0   0   0   0
Delta(1910)(P31)bar        1.91        0.25  0.5  1.5  0.5      -21212  -1   0   0   0   0   0
Delta(1910)(P31)-        1.91        0.25  0.5  1.5 -1.5       21112   1  -1   0   0   0   0
Delta(1910)(P31)-bar        1.91        0.25  0.5  1.5  1.5      -21112  -1   1   0   0   0   0
Delta(1905)(F35)++        1.89        0.33  2.5  1.5  1.5        2226   1   2   0   0   0   0
Delta(1905)(F35)++bar        1.89        0.33  2.5  1.5 -1.5       -2226  -1  -2   0   0   0   0
Delta(1905)(F35)+        1.89        0.33  2.5  1.5  0.5        2126   1   1   0   0   0   0
Delta(1905)(F35)+bar        1.89        0.33  2.5  1.5 -0.5       -2126  -1  -1   0   0   0   0
Delta(1905)(F35)        1.89        0.33  2.5  1.5 -0.5        1216   1   0   0   0   0   0
Delta(1905)(F35)bar        1.89        0.33  2.5  1.5  0.5       -1216  -1   0   0   0   0   0
Delta(1905)(F35)-        1.89        0.33  2.5  1.5 -1.5        1116   1  -1   0   0   0   0
Delta(1905)(F35)-bar        1.89        0.33  2.5  1.5  1.5       -1116  -1   1   0   0   0   0
Lambda(1890)(P03)        1.89         0.1  1.5    0    0       23124   1   0  -1   0   0   0
Lambda(1890)(P03)bar        1.89         0.1  1.5    0    0      -23124  -1   0   1   0   0   0
   phi(3)(1850)       1.854       0.087    3    0    0         337   0   0   0   0   0   0
Lambda(1830)(D05)        1.83       0.095  2.5    0    0       13126   1   0  -1   0   0   0
Lambda(1830)(D05)bar        1.83       0.095  2.5    0    0      -13126  -1   0   1   0   0   0
  Xi(1820)(D13)       1.823       0.024  1.5  0.5  0.5       13324   1   0  -2   0   0   0
Xi(1820)(D13)bar       1.823       0.024  1.5  0.5 -0.5      -13324  -1   0   2   0   0   0
 Xi(1820)(D13)-       1.823       0.024  1.5  0.5 -0.5       13314   1  -1  -2   0   0   0
Xi(1820)(D13)-bar       1.823       0.024  1.5  0.5  0.5      -13314  -1   1   2   0   0   0
Lambda(1820)(F05)        1.82        0.08  2.5    0    0        3126   1   0  -1   0   0   0
Lambda(1820)(F05)bar        1.82        0.08  2.5    0    0       -3126  -1   0   1   0   0   0
      pi(1800)+       1.816       0.208    0    1    1     9010211   0   1   0   0   0   0
      pi(1800)-       1.816       0.208    0    1   -1    -9010211   0  -1   0   0   0   0
       pi(1800)       1.816       0.208    0    1    0     9010111   0   0   0   0   0   0
    K(2)(1820)+       1.816       0.276    2  0.5  0.5       20325   0   1   1   0   0   0
 K(2)(1820)+bar       1.816       0.276    2  0.5 -0.5      -20325   0  -1  -1   0   0   0
     K(2)(1820)       1.816       0.276    2  0.5 -0.5       20315   0   0   1   0   0   0
  K(2)(1820)bar       1.816       0.276    2  0.5  0.5      -20315   0   0  -1   0   0   0
Lambda(1810)(P01)        1.81        0.15  0.5    0    0       53122   1   0  -1   0   0   0
Lambda(1810)(P01)bar        1.81        0.15  0.5    0    0      -53122  -1   0   1   0   0   0
Lambda(1800)(S01)         1.8         0.3  0.5    0    0       43122   1   0  -1   0   0   0
Lambda(1800)(S01)bar         1.8         0.3  0.5    0    0      -43122  -1   0   1   0   0   0
   K(3)*(1780)+       1.776       0.159    3  0.5  0.5         327   0   1   1   0   0   0
K(3)*(1780)+bar       1.776       0.159    3  0.5 -0.5        -327   0  -1  -1   0   0   0
    K(3)*(1780)       1.776       0.159    3  0.5 -0.5         317   0   0   1   0   0   0
 K(3)*(1780)bar       1.776       0.159    3  0.5  0.5        -317   0   0  -1   0   0   0
Sigma(1775)(D15)+       1.775        0.12  2.5    1    1        3226   1   1  -1   0   0   0
Sigma(1775)(D15)+bar       1.775        0.12  2.5    1   -1       -3226  -1  -1   1   0   0   0
Sigma(1775)(D15)       1.775        0.12  2.5    1    0        3216   1   0  -1   0   0   0
Sigma(1775)(D15)bar       1.775        0.12  2.5    1    0       -3216  -1   0   1   0   0   0
Sigma(1775)(D15)-       1.775        0.12  2.5    1   -1        3116   1  -1  -1   0   0   0
Sigma(1775)(D15)-bar       1.775        0.12  2.5    1    1       -3116  -1   1   1   0   0   0
    K(2)(1770)+       1.773       0.186    2  0.5  0.5       10325   0   1   1   0   0   0
 K(2)(1770)+bar       1.773       0.186    2  0.5 -0.5      -10325   0  -1  -1   0   0   0
     K(2)(1770)       1.773       0.186    2  0.5 -0.5       10315   0   0   1   0   0   0
  K(2)(1770)bar       1.773       0.186    2  0.5  0.5      -10315   0   0  -1   0   0   0
Sigma(1750)(S11)+        1.75        0.09  0.5    1    1       23222   1   1  -1   0   0   0
Sigma(1750)(S11)+bar        1.75        0.09  0.5    1   -1      -23222  -1  -1   1   0   0   0
Sigma(1750)(S11)        1.75        0.09  0.5    1    0       23212   1   0  -1   0   0   0
Sigma(1750)(S11)bar        1.75        0.09  0.5    1    0      -23212  -1   0   1   0   0   0
Sigma(1750)(S11)-        1.75        0.09  0.5    1   -1       23112   1  -1  -1   0   0   0
Sigma(1750)(S11)-bar        1.75        0.09  0.5    1    1      -23112  -1   1   1   0   0   0
     f(0)(1710)       1.724       0.137    0    0    0       10331   0   0   0   0   0   0
     rho(1700)+        1.72        0.25    1    1    1       30213   0   1   0   0   0   0
     rho(1700)-        1.72        0.25    1    1   -1      -30213   0  -1   0   0   0   0
      rho(1700)        1.72        0.25    1    1    0       30113   0   0   0   0   0   0
  N(1720)(P13)+        1.72         0.2  1.5  0.5  0.5       32124   1   1   0   0   0   0
N(1720)(P13)+bar        1.72         0.2  1.5  0.5 -0.5      -32124  -1  -1   0   0   0   0
   N(1720)(P13)        1.72         0.2  1.5  0.5 -0.5       31214   1   0   0   0   0   0
N(1720)(P13)bar        1.72         0.2  1.5  0.5  0.5      -31214  -1   0   0   0   0   0
      K*(1680)+       1.717        0.32    1  0.5  0.5       30323   0   1   1   0   0   0
   K*(1680)+bar       1.717        0.32    1  0.5 -0.5      -30323   0  -1  -1   0   0   0
       K*(1680)       1.717        0.32    1  0.5 -0.5       30313   0   0   1   0   0   0
    K*(1680)bar       1.717        0.32    1  0.5  0.5      -30313   0   0  -1   0   0   0
  N(1710)(P11)+        1.71         0.1  0.5  0.5  0.5       42212   1   1   0   0   0   0
N(1710)(P11)+bar        1.71         0.1  0.5  0.5 -0.5      -42212  -1  -1   0   0   0   0
   N(1710)(P11)        1.71         0.1  0.5  0.5 -0.5       42112   1   0   0   0   0   0
N(1710)(P11)bar        1.71         0.1  0.5  0.5  0.5      -42112  -1   0   0   0   0   0
  N(1700)(D13)+         1.7         0.1  1.5  0.5  0.5       22124   1   1   0   0   0   0
N(1700)(D13)+bar         1.7         0.1  1.5  0.5 -0.5      -22124  -1  -1   0   0   0   0
   N(1700)(D13)         1.7         0.1  1.5  0.5 -0.5       21214   1   0   0   0   0   0
N(1700)(D13)bar         1.7         0.1  1.5  0.5  0.5      -21214  -1   0   0   0   0   0
Delta(1700)(D33)++         1.7         0.3  1.5  1.5  1.5       12224   1   2   0   0   0   0
Delta(1700)(D33)++bar         1.7         0.3  1.5  1.5 -1.5      -12224  -1  -2   0   0   0   0
Delta(1700)(D33)+         1.7         0.3  1.5  1.5  0.5       12214   1   1   0   0   0   0
Delta(1700)(D33)+bar         1.7         0.3  1.5  1.5 -0.5      -12214  -1  -1   0   0   0   0
Delta(1700)(D33)         1.7         0.3  1.5  1.5 -0.5       12114   1   0   0   0   0   0
Delta(1700)(D33)bar         1.7         0.3  1.5  1.5  0.5      -12114  -1   0   0   0   0   0
Delta(1700)(D33)-         1.7         0.3  1.5  1.5 -1.5       11114   1  -1   0   0   0   0
Delta(1700)(D33)-bar         1.7         0.3  1.5  1.5  1.5      -11114  -1   1   0   0   0   0
Lambda(1690)(D03)        1.69        0.06  1.5    0    0       13124   1   0  -1   0   0   0
Lambda(1690)(D03)bar        1.69        0.06  1.5    0    0      -13124  -1   0   1   0   0   0
  rho(3)(1690)+      1.6888       0.161    3    1    1         217   0   1   0   0   0   0
  rho(3)(1690)-      1.6888       0.161    3    1   -1        -217   0  -1   0   0   0   0
   rho(3)(1690)      1.6888       0.161    3    1    0         117   0   0   0   0   0   0
  N(1680)(F15)+       1.685        0.13  2.5  0.5  0.5       12216   1   1   0   0   0   0
N(1680)(F15)+bar       1.685        0.13  2.5  0.5 -0.5      -12216  -1  -1   0   0   0   0
   N(1680)(F15)       1.685        0.13  2.5  0.5 -0.5       12116   1   0   0   0   0   0
N(1680)(F15)bar       1.685        0.13  2.5  0.5  0.5      -12116  -1   0   0   0   0   0
      phi(1680)        1.68        0.15    1    0    0      100333   0   0   0   0   0   0
  N(1675)(D15)+       1.675        0.15  2.5  0.5  0.5        2216   1   1   0   0   0   0
N(1675)(D15)+bar       1.675        0.15  2.5  0.5 -0.5       -2216  -1  -1   0   0   0   0
   N(1675)(D15)       1.675        0.15  2.5  0.5 -0.5        2116   1   0   0   0   0   0
N(1675)(D15)bar       1.675        0.15  2.5  0.5  0.5       -2116  -1   0   0   0   0   0
         Omega-     1.67245    8.07e-15  1.5    0    0        3334   1  -1  -3   0   0   0
      Omega-bar     1.67245    8.07e-15  1.5    0    0       -3334  -1   1   3   0   0   0
    omega(1650)        1.67       0.315    1    0    0       30223   0   0   0   0   0   0
Lambda(1670)(S01)        1.67       0.035  0.5    0    0       33122   1   0  -1   0   0   0
Lambda(1670)(S01)bar        1.67       0.035  0.5    0    0      -33122  -1   0   1   0   0   0
Sigma(1670)(D13)+        1.67        0.06  1.5    1    1       13224   1   1  -1   0   0   0
Sigma(1670)(D13)+bar        1.67        0.06  1.5    1   -1      -13224  -1  -1   1   0   0   0
Sigma(1670)(D13)        1.67        0.06  1.5    1    0       13214   1   0  -1   0   0   0
Sigma(1670)(D13)bar        1.67        0.06  1.5    1    0      -13214  -1   0   1   0   0   0
Sigma(1670)(D13)-        1.67        0.06  1.5    1   -1       13114   1  -1  -1   0   0   0
Sigma(1670)(D13)-bar        1.67        0.06  1.5    1    1      -13114  -1   1   1   0   0   0
 omega(3)(1670)       1.667       0.168    3    0    0         227   0   0   0   0   0   0
   pi(1)(1600)+       1.662        0.23    1    1    1     9010213   0   1   0   0   0   0
   pi(1)(1600)-       1.662        0.23    1    1   -1    -9010213   0  -1   0   0   0   0
    pi(1)(1600)       1.662        0.23    1    1    0     9010113   0   0   0   0   0   0
Sigma(1660)(P11)+        1.66         0.1  0.5    1    1       13222   1   1  -1   0   0   0
Sigma(1660)(P11)+bar        1.66         0.1  0.5    1   -1      -13222  -1  -1   1   0   0   0
Sigma(1660)(P11)        1.66         0.1  0.5    1    0       13212   1   0  -1   0   0   0
Sigma(1660)(P11)bar        1.66         0.1  0.5    1    0      -13212  -1   0   1   0   0   0
Sigma(1660)(P11)-        1.66         0.1  0.5    1   -1       13112   1  -1  -1   0   0   0
Sigma(1660)(P11)-bar        1.66         0.1  0.5    1    1      -13112  -1   1   1   0   0   0
  N(1650)(S11)+       1.655       0.165  0.5  0.5  0.5       32212   1   1   0   0   0   0
N(1650)(S11)+bar       1.655       0.165  0.5  0.5 -0.5      -32212  -1  -1   0   0   0   0
   N(1650)(S11)       1.655       0.165  0.5  0.5 -0.5       32112   1   0   0   0   0   0
N(1650)(S11)bar       1.655       0.165  0.5  0.5  0.5      -32112  -1   0   0   0   0   0
Delta(1620)(S31)++        1.63       0.145  0.5  1.5  1.5        2222   1   2   0   0   0   0
Delta(1620)(S31)++bar        1.63       0.145  0.5  1.5 -1.5       -2222  -1  -2   0   0   0   0
Delta(1620)(S31)+        1.63       0.145  0.5  1.5  0.5        2122   1   1   0   0   0   0
Delta(1620)(S31)+bar        1.63       0.145  0.5  1.5 -0.5       -2122  -1  -1   0   0   0   0
Delta(1620)(S31)        1.63       0.145  0.5  1.5 -0.5        1212   1   0   0   0   0   0
Delta(1620)(S31)bar        1.63       0.145  0.5  1.5  0.5       -1212  -1   0   0   0   0   0
Delta(1620)(S31)-        1.63       0.145  0.5  1.5 -1.5        1112   1  -1   0   0   0   0
Delta(1620)(S31)-bar        1.63       0.145  0.5  1.5  1.5       -1112  -1   1   0   0   0   0
Delta(1600)(P33)++         1.6        0.35  1.5  1.5  1.5       32224   1   2   0   0   0   0
Delta(1600)(P33)++bar         1.6        0.35  1.5  1.5 -1.5      -32224  -1  -2   0   0   0   0
Delta(1600)(P33)+         1.6        0.35  1.5  1.5  0.5       32214   1   1   0   0   0   0
Delta(1600)(P33)+bar         1.6        0.35  1.5  1.5 -0.5      -32214  -1  -1   0   0   0   0
Delta(1600)(P33)         1.6        0.35  1.5  1.5 -0.5       32114   1   0   0   0   0   0
Delta(1600)(P33)bar         1.6        0.35  1.5  1.5  0.5      -32114  -1   0   0   0   0   0
Delta(1600)(P33)-         1.6        0.35  1.5  1.5 -1.5       31114   1  -1   0   0   0   0
Delta(1600)(P33)-bar         1.6        0.35  1.5  1.5  1.5      -31114  -1   1   0   0   0   0
Lambda(1600)(P01)         1.6        0.15  0.5    0    0       23122   1   0  -1   0   0   0
Lambda(1600)(P01)bar         1.6        0.15  0.5    0    0      -23122  -1   0   1   0   0   0
  N(1535)(S11)+       1.535        0.15  0.5  0.5  0.5       22212   1   1   0   0   0   0
N(1535)(S11)+bar       1.535        0.15  0.5  0.5 -0.5      -22212  -1  -1   0   0   0   0
   N(1535)(S11)       1.535        0.15  0.5  0.5 -0.5       22112   1   0   0   0   0   0
N(1535)(S11)bar       1.535        0.15  0.5  0.5  0.5      -22112  -1   0   0   0   0   0
 Xi(1530)(P13)-       1.535      0.0099  1.5  0.5 -0.5        3314   1  -1  -2   0   0   0
Xi(1530)(P13)-bar       1.535      0.0099  1.5  0.5  0.5       -3314  -1   1   2   0   0   0
  Xi(1530)(P13)      1.5318      0.0091  1.5  0.5  0.5        3324   1   0  -2   0   0   0
Xi(1530)(P13)bar      1.5318      0.0091  1.5  0.5 -0.5       -3324  -1   0   2   0   0   0
    f(2)'(1525)       1.525       0.073    2    0    0         335   0   0   0   0   0   0
  N(1520)(D13)+        1.52       0.115  1.5  0.5  0.5        2124   1   1   0   0   0   0
N(1520)(D13)+bar        1.52       0.115  1.5  0.5 -0.5       -2124  -1  -1   0   0   0   0
   N(1520)(D13)        1.52       0.115  1.5  0.5 -0.5        1214   1   0   0   0   0   0
N(1520)(D13)bar        1.52       0.115  1.5  0.5  0.5       -1214  -1   0   0   0   0   0
Lambda(1520)(D03)      1.5195      0.0156  1.5    0    0        3124   1   0  -1   0   0   0
Lambda(1520)(D03)bar      1.5195      0.0156  1.5    0    0       -3124  -1   0   1   0   0   0
     f(0)(1500)       1.505       0.109    0    0    0     9030221   0   0   0   0   0   0
    a(0)(1450)+       1.474       0.265    0    1    1       10211   0   1   0   0   0   0
    a(0)(1450)-       1.474       0.265    0    1   -1      -10211   0  -1   0   0   0   0
     a(0)(1450)       1.474       0.265    0    1    0       10111   0   0   0   0   0   0
     rho(1450)+       1.465         0.4    1    1    1      100213   0   1   0   0   0   0
     rho(1450)-       1.465         0.4    1    1   -1     -100213   0  -1   0   0   0   0
      rho(1450)       1.465         0.4    1    1    0      100113   0   0   0   0   0   0
  N(1440)(P11)+        1.44         0.3  0.5  0.5  0.5       12212   1   1   0   0   0   0
N(1440)(P11)+bar        1.44         0.3  0.5  0.5 -0.5      -12212  -1  -1   0   0   0   0
   N(1440)(P11)        1.44         0.3  0.5  0.5 -0.5       12112   1   0   0   0   0   0
N(1440)(P11)bar        1.44         0.3  0.5  0.5  0.5      -12112  -1   0   0   0   0   0
    K(2)*(1430)      1.4324       0.109    2  0.5 -0.5         315   0   0   1   0   0   0
 K(2)*(1430)bar      1.4324       0.109    2  0.5  0.5        -315   0   0  -1   0   0   0
     f(1)(1420)      1.4264      0.0549    1    0    0       20333   0   0   0   0   0   0
   K(2)*(1430)+      1.4256      0.0985    2  0.5  0.5         325   0   1   1   0   0   0
K(2)*(1430)+bar      1.4256      0.0985    2  0.5 -0.5        -325   0  -1  -1   0   0   0
    omega(1420)       1.425       0.215    1    0    0      100223   0   0   0   0   0   0
   K(0)*(1430)+        1.42        0.27    0  0.5  0.5       10321   0   1   1   0   0   0
K(0)*(1430)+bar        1.42        0.27    0  0.5 -0.5      -10321   0  -1  -1   0   0   0
    K(0)*(1430)        1.42        0.27    0  0.5 -0.5       10311   0   0   1   0   0   0
 K(0)*(1430)bar        1.42        0.27    0  0.5  0.5      -10311   0   0  -1   0   0   0
      K*(1410)+       1.414       0.232    1  0.5  0.5      100323   0   1   1   0   0   0
   K*(1410)+bar       1.414       0.232    1  0.5 -0.5     -100323   0  -1  -1   0   0   0
       K*(1410)       1.414       0.232    1  0.5 -0.5      100313   0   0   1   0   0   0
    K*(1410)bar       1.414       0.232    1  0.5  0.5     -100313   0   0  -1   0   0   0
      eta(1405)      1.4098      0.0511    0    0    0     9020221   0   0   0   0   0   0
Lambda(1405)(S01)       1.406        0.05  0.5    0    0       13122   1   0  -1   0   0   0
Lambda(1405)(S01)bar       1.406        0.05  0.5    0    0      -13122  -1   0   1   0   0   0
    K(1)(1400)+       1.403       0.174    1  0.5  0.5       20323   0   1   1   0   0   0
 K(1)(1400)+bar       1.403       0.174    1  0.5 -0.5      -20323   0  -1  -1   0   0   0
     K(1)(1400)       1.403       0.174    1  0.5 -0.5       20313   0   0   1   0   0   0
  K(1)(1400)bar       1.403       0.174    1  0.5  0.5      -20313   0   0  -1   0   0   0
Sigma(1385)(P13)-      1.3872      0.0394  1.5    1   -1        3114   1  -1  -1   0   0   0
Sigma(1385)(P13)-bar      1.3872      0.0394  1.5    1    1       -3114  -1   1   1   0   0   0
Sigma(1385)(P13)      1.3837       0.036  1.5    1    0        3214   1   0  -1   0   0   0
Sigma(1385)(P13)bar      1.3837       0.036  1.5    1    0       -3214  -1   0   1   0   0   0
Sigma(1385)(P13)+      1.3828      0.0358  1.5    1    1        3224   1   1  -1   0   0   0
Sigma(1385)(P13)+bar      1.3828      0.0358  1.5    1   -1       -3224  -1  -1   1   0   0   0
   pi(1)(1400)+       1.351        0.31    1    1    1     9000213   0   1   0   0   0   0
   pi(1)(1400)-       1.351        0.31    1    1   -1    -9000213   0  -1   0   0   0   0
    pi(1)(1400)       1.351        0.31    1    1    0     9000113   0   0   0   0   0   0
     f(0)(1370)        1.35        0.35    0    0    0       30221   0   0   0   0   0   0
       Xi(P11)-     1.32171    4.04e-15  0.5  0.5 -0.5        3312   1  -1  -2   0   0   0
    Xi(P11)-bar     1.32171    4.04e-15  0.5  0.5  0.5       -3312  -1   1   2   0   0   0
    a(2)(1320)+      1.3183       0.107    2    1    1         215   0   1   0   0   0   0
    a(2)(1320)-      1.3183       0.107    2    1   -1        -215   0  -1   0   0   0   0
     a(2)(1320)      1.3183       0.107    2    1    0         115   0   0   0   0   0   0
        Xi(P11)     1.31486    2.28e-15  0.5  0.5  0.5        3322   1   0  -2   0   0   0
     Xi(P11)bar     1.31486    2.28e-15  0.5  0.5 -0.5       -3322  -1   0   2   0   0   0
      pi(1300)+         1.3         0.4    0    1    1      100211   0   1   0   0   0   0
      pi(1300)-         1.3         0.4    0    1   -1     -100211   0  -1   0   0   0   0
       pi(1300)         1.3         0.4    0    1    0      100111   0   0   0   0   0   0
      eta(1295)       1.294       0.055    0    0    0      100221   0   0   0   0   0   0
     f(1)(1285)      1.2818      0.0243    1    0    0       20223   0   0   0   0   0   0
     f(2)(1270)      1.2751       0.185    2    0    0         225   0   0   0   0   0   0
    K(1)(1270)+       1.272        0.09    1  0.5  0.5       10323   0   1   1   0   0   0
 K(1)(1270)+bar       1.272        0.09    1  0.5 -0.5      -10323   0  -1  -1   0   0   0
     K(1)(1270)       1.272        0.09    1  0.5 -0.5       10313   0   0   1   0   0   0
  K(1)(1270)bar       1.272        0.09    1  0.5  0.5      -10313   0   0  -1   0   0   0
Delta(1232)(P33)++       1.232       0.118  1.5  1.5  1.5        2224   1   2   0   0   0   0
Delta(1232)(P33)++bar       1.232       0.118  1.5  1.5 -1.5       -2224  -1  -2   0   0   0   0
Delta(1232)(P33)+       1.232       0.118  1.5  1.5  0.5        2214   1   1   0   0   0   0
Delta(1232)(P33)+bar       1.232       0.118  1.5  1.5 -0.5       -2214  -1  -1   0   0   0   0
Delta(1232)(P33)       1.232       0.118  1.5  1.5 -0.5        2114   1   0   0   0   0   0
Delta(1232)(P33)bar       1.232       0.118  1.5  1.5  0.5       -2114  -1   0   0   0   0   0
Delta(1232)(P33)-       1.232       0.118  1.5  1.5 -1.5        1114   1  -1   0   0   0   0
Delta(1232)(P33)-bar       1.232       0.118  1.5  1.5  1.5       -1114  -1   1   0   0   0   0
    a(1)(1260)+        1.23        0.42    1    1    1       20213   0   1   0   0   0   0
    a(1)(1260)-        1.23        0.42    1    1   -1      -20213   0  -1   0   0   0   0
     a(1)(1260)        1.23        0.42    1    1    0       20113   0   0   0   0   0   0
    b(1)(1235)+      1.2295       0.142    1    1    1       10213   0   1   0   0   0   0
    b(1)(1235)-      1.2295       0.142    1    1   -1      -10213   0  -1   0   0   0   0
     b(1)(1235)      1.2295       0.142    1    1    0       10113   0   0   0   0   0   0
    Sigma(P11)-     1.19745    4.48e-15  0.5    1   -1        3112   1  -1  -1   0   0   0
 Sigma(P11)-bar     1.19745    4.48e-15  0.5    1    1       -3112  -1   1   1   0   0   0
     Sigma(P11)     1.19264       9e-06  0.5    1    0        3212   1   0  -1   0   0   0
  Sigma(P11)bar     1.19264       9e-06  0.5    1    0       -3212  -1   0   1   0   0   0
    Sigma(P11)+     1.18937   8.264e-15  0.5    1    1        3222   1   1  -1   0   0   0
 Sigma(P11)+bar     1.18937   8.264e-15  0.5    1   -1       -3222  -1  -1   1   0   0   0
     h(1)(1170)        1.17        0.36    1    0    0       10223   0   0   0   0   0   0
    Lambda(P01)     1.11568   2.518e-15  0.5    0    0        3122   1   0  -1   0   0   0
 Lambda(P01)bar     1.11568   2.518e-15  0.5    0    0       -3122  -1   0   1   0   0   0
      phi(1020)     1.01946     0.00426    1    0    0         333   0   0   0   0   0   0
     a(0)(980)+      0.9847       0.075    0    1    1     9000211   0   1   0   0   0   0
     a(0)(980)-      0.9847       0.075    0    1   -1    -9000211   0  -1   0   0   0   0
      a(0)(980)      0.9847       0.075    0    1    0     9000111   0   0   0   0   0   0
      f(0)(980)        0.98        0.07    0    0    0     9010221   0   0   0   0   0   0
      eta'(958)     0.95766    0.000205    0    0    0         331   0   0   0   0   0   0
         n(P11)    0.939565   7.481e-28  0.5  0.5 -0.5        2112   1   0   0   0   0   0
      n(P11)bar    0.939565   7.481e-28  0.5  0.5  0.5       -2112  -1   0   0   0   0   0
        p(P11)+    0.938272           0  0.5  0.5  0.5        2212   1   1   0   0   0   0
     p(P11)+bar    0.938272           0  0.5  0.5 -0.5       -2212  -1  -1   0   0   0   0
        K*(892)       0.896      0.0503    1  0.5 -0.5         313   0   0   1   0   0   0
     K*(892)bar       0.896      0.0503    1  0.5  0.5        -313   0   0  -1   0   0   0
       K*(892)+     0.89166      0.0508    1  0.5  0.5         323   0   1   1   0   0   0
    K*(892)+bar     0.89166      0.0508    1  0.5 -0.5        -323   0  -1  -1   0   0   0
      f(0)(600)         0.8         0.8    0    0    0     9000221   0   0   0   0   0   0
     omega(782)     0.78265     0.00849    1    0    0         223   0   0   0   0   0   0
      rho(770)+     0.77549      0.1494    1    1    1         213   0   1   0   0   0   0
      rho(770)-     0.77549      0.1494    1    1   -1        -213   0  -1   0   0   0   0
       rho(770)     0.77549      0.1494    1    1    0         113   0   0   0   0   0   0
            eta    0.547853     1.3e-06    0    0    0         221   0   0   0   0   0   0
              K    0.497614           0    0  0.5 -0.5         311   0   0   1   0   0   0
           Kbar    0.497614           0    0  0.5  0.5        -311   0   0  -1   0   0   0
             K+    0.493677   5.352e-17    0  0.5  0.5         321   0   1   1   0   0   0
             K-    0.493677   5.352e-17    0  0.5 -0.5        -321   0  -1  -1   0   0   0
            pi+     0.13957  2.5452e-17    0    1    1         211   0   1   0   0   0   0
            pi-     0.13957  2.5452e-17    0    1   -1        -211   0  -1   0   0   0   0
             pi    0.134977     7.9e-09    0    1    0         111   0   0   0   0   0   0
